1779748577104 -17.791366577148438 0
1779748587092 -0.477458119392395 1
1779748596717 -0.49074459075927734 2
1779748606223 -2.0759971141815186 3
1779748615786 -1.6948790550231934 4
1779748625404 -1.2111165523529053 5
1779748634740 -0.24093854427337646 6
1779748644455 0.10774576663970947 7
1779748654178 0.24054598808288574 8
1779748663788 0.19137847423553467 9
1779748676990 0.11647146940231323 10
1779748686780 0.001201927661895752 11
1779748696813 -0.12885427474975586 12
1779748706976 0.22564905881881714 13
1779748716809 -0.08612394332885742 14
1779748726594 -0.2384178638458252 15
1779748737172 -0.051932573318481445 16
1779748747488 0.17914992570877075 17
1779748757394 0.061137259006500244 18
1779748767440 0.2144044041633606 19
1779748777251 0.21953731775283813 20
1779748787063 0.19300907850265503 21
1779748796919 0.19693690538406372 22
1779748806758 0.22518348693847656 23
1779748816650 0.16659331321716309 24
1779748826695 0.23625338077545166 25
1779748838122 0.2210012674331665 26
1779748847941 0.16513711214065552 27
1779748857846 0.0683712363243103 28
1779748867836 0.14678949117660522 29
1779748877593 0.18669039011001587 30
1779748887698 0.20974057912826538 31
1779748897562 0.23153436183929443 32
1779748907490 0.2327147126197815 33
1779748917303 0.21467119455337524 34
1779748927139 0.1610850691795349 35
1779748937031 0.18609577417373657 36
1779748947238 0.23455911874771118 37
1779748957576 0.21595042943954468 38
