1779748577099 237.7420196533203 0
1779748587084 129.14659118652344 1
1779748596713 71.29850006103516 2
1779748606217 90.5830078125 3
1779748615783 100.27167510986328 4
1779748625399 84.04161071777344 5
1779748634737 68.46125030517578 6
1779748644449 52.99823760986328 7
1779748654174 45.939449310302734 8
1779748663778 46.552398681640625 9
1779748676987 42.21267318725586 10
1779748686775 42.13746643066406 11
1779748696809 42.9391975402832 12
1779748706968 43.23402404785156 13
1779748716805 43.31352233886719 14
1779748726590 43.41148376464844 15
1779748737169 43.29473114013672 16
1779748747476 43.62752914428711 17
1779748757389 43.6637077331543 18
1779748767436 40.84834289550781 19
1779748777248 40.99755096435547 20
1779748787056 42.04698944091797 21
1779748796914 42.17264175415039 22
1779748806754 42.21259689331055 23
1779748816640 42.39500045776367 24
1779748826689 42.693180084228516 25
1779748838118 42.29875564575195 26
1779748847933 42.10262680053711 27
1779748857842 41.99862289428711 28
1779748867825 40.703495025634766 29
1779748877589 40.41484451293945 30
1779748887688 40.71820831298828 31
1779748897558 40.81504440307617 32
1779748907486 40.957393646240234 33
1779748917297 41.32379150390625 34
1779748927125 41.20844650268555 35
1779748937027 41.4775505065918 36
1779748947234 41.511512756347656 37
1779748957572 41.249534606933594 38
