1779748577083 225.4525604248047 0
1779748587081 110.0293197631836 1
1779748596709 56.03572082519531 2
1779748606213 73.60755157470703 3
1779748615778 85.30067443847656 4
1779748625395 70.04912567138672 5
1779748634732 55.73517990112305 6
1779748644446 42.22148132324219 7
1779748654165 36.506107330322266 8
1779748663774 36.64609909057617 9
1779748676982 33.847328186035156 10
1779748686768 33.76087188720703 11
1779748696803 34.32516860961914 12
1779748706964 34.61211013793945 13
1779748716800 34.64870071411133 14
1779748726586 34.73359298706055 15
1779748737165 34.61613845825195 16
1779748747471 34.85042953491211 17
1779748757382 34.852149963378906 18
1779748767431 32.77727508544922 19
1779748777243 32.873958587646484 20
1779748787050 33.65794372558594 21
1779748796910 33.762264251708984 22
1779748806750 33.765296936035156 23
1779748816636 33.888832092285156 24
1779748826684 34.08317565917969 25
1779748838114 33.785030364990234 26
1779748847929 33.61418914794922 27
1779748857837 33.585208892822266 28
1779748867814 32.661373138427734 29
1779748877584 32.483951568603516 30
1779748887683 32.694091796875 31
1779748897552 32.771995544433594 32
1779748907482 32.87174987792969 33
1779748917291 33.131900787353516 34
1779748927121 33.011722564697266 35
1779748937023 33.24005889892578 36
1779748947227 33.29352951049805 37
1779748957568 33.07752227783203 38
