1779748577068 56521.8046875 0
1779748587069 16681.73046875 1
1779748596699 5088.95263671875 2
1779748606204 8214.2236328125 3
1779748615772 10072.375 4
1779748625379 7092.38525390625 5
1779748634724 4728.134765625 6
1779748644418 2859.2255859375 7
1779748654155 2166.14794921875 8
1779748663752 2223.9912109375 9
1779748676970 1839.30029296875 10
1779748686748 1833.4974365234375 11
1779748696794 1902.1533203125 12
1779748706949 1927.9969482421875 13
1779748716789 1935.3870849609375 14
1779748726576 1944.472900390625 15
1779748737152 1934.95556640625 16
1779748747452 1964.5697021484375 17
1779748757371 1968.4522705078125 18
1779748767418 1731.134765625 19
1779748777233 1743.839111328125 20
1779748787042 1831.5677490234375 21
1779748796901 1842.832275390625 22
1779748806733 1847.019287109375 23
1779748816623 1863.4642333984375 24
1779748826669 1890.055908203125 25
1779748838096 1857.84912109375 26
1779748847921 1842.7142333984375 27
1779748857826 1835.4744873046875 28
1779748867803 1729.5167236328125 29
1779748877574 1706.9720458984375 30
1779748887663 1732.515380859375 31
1779748897545 1741.3851318359375 32
1779748907475 1754.0589599609375 33
1779748917282 1785.2969970703125 34
1779748927102 1776.847412109375 35
1779748937016 1800.147705078125 36
1779748947205 1804.00537109375 37
1779748957547 1783.4005126953125 38
