1779750708525 156.9096221923828 0
1779750723157 103.7091064453125 1
1779750737501 61.26044845581055 2
1779750752002 59.14678192138672 3
1779750766329 34.89914321899414 4
1779750780745 32.89017105102539 5
1779750795409 33.03726577758789 6
1779750810127 34.619483947753906 7
1779750824610 35.704402923583984 8
1779750839313 36.43790054321289 9
1779750853863 36.51703643798828 10
1779750868640 37.60772705078125 11
1779750883314 37.78932189941406 12
1779750897723 38.24154281616211 13
1779750912382 37.9838981628418 14
1779750927021 39.124324798583984 15
1779750941593 38.793121337890625 16
1779750955851 35.351165771484375 17
1779750970549 36.4851188659668 18
1779750985150 37.0705451965332 19
1779750999439 37.148353576660156 20
1779751013894 37.19246292114258 21
1779751029245 37.073707580566406 22
1779751044342 37.5075569152832 23
1779751058892 37.03190612792969 24
1779751073107 36.8144645690918 25
1779751087586 37.62461853027344 26
1779751101976 35.36801528930664 27
1779751116486 34.97813034057617 28
1779751131035 35.58323287963867 29
1779751147785 35.946720123291016 30
1779751163657 35.52020263671875 31
1779751179605 36.16987228393555 32
1779751195073 35.891963958740234 33
1779751210386 35.65885925292969 34
1779751225505 36.19371032714844 35
1779751240352 36.01576614379883 36
