1779750708514 42167.69140625 0
1779750723143 21843.45703125 1
1779750737489 6857.1787109375 2
1779750751982 5691.93701171875 3
1779750766311 1917.4447021484375 4
1779750780728 1676.52783203125 5
1779750795392 1691.6573486328125 6
1779750810112 1864.743408203125 7
1779750824591 1999.2784423828125 8
1779750839292 2096.2978515625 9
1779750853841 2123.674560546875 10
1779750868622 2309.068115234375 11
1779750883298 2358.158935546875 12
1779750897705 2442.096923828125 13
1779750912370 2399.940185546875 14
1779750927007 2621.97607421875 15
1779750941572 2586.0693359375 16
1779750955835 1995.19580078125 17
1779750970532 2162.3876953125 18
1779750985132 2274.535888671875 19
1779750999421 2274.624755859375 20
1779751013875 2288.068115234375 21
1779751029221 2298.126708984375 22
1779751044321 2335.885498046875 23
1779751058865 2283.05810546875 24
1779751073085 2233.74560546875 25
1779751087564 2375.942138671875 26
1779751101955 2014.190185546875 27
1779751116469 1957.1279296875 28
1779751131013 2051.1884765625 29
1779751147773 2116.067626953125 30
1779751163629 2036.8360595703125 31
1779751179585 2136.57763671875 32
1779751195057 2093.59765625 33
1779751210363 2050.927978515625 34
1779751225487 2150.603515625 35
1779751240335 2109.077880859375 36
