1779750708538 205.3470458984375 0
1779750723168 147.79299926757812 1
1779750737505 82.80311584472656 2
1779750752005 75.43900299072266 3
1779750766339 43.7753791809082 4
1779750780750 40.93046188354492 5
1779750795414 41.113468170166016 6
1779750810134 43.16455078125 7
1779750824614 44.68098831176758 8
1779750839317 45.72951889038086 9
1779750853871 46.0062141418457 10
1779750868645 47.95785140991211 11
1779750883319 48.44672775268555 12
1779750897732 49.28458786010742 13
1779750912385 48.83234405517578 14
1779750927030 51.0345458984375 15
1779750941596 50.661495208740234 16
1779750955861 44.43134307861328 17
1779750970557 46.261314392089844 18
1779750985156 47.444461822509766 19
1779750999442 47.43153762817383 20
1779751013904 47.55933380126953 21
1779751029251 47.65098190307617 22
1779751044351 48.031307220458984 23
1779751058896 47.46342849731445 24
1779751073110 46.92732238769531 25
1779751087593 48.404842376708984 26
1779751101988 44.499759674072266 27
1779751116492 43.844871520996094 28
1779751131038 44.89476776123047 29
1779751147796 45.6015739440918 30
1779751163662 44.71418762207031 31
1779751179613 45.8056640625 32
1779751195077 45.323951721191406 33
1779751210401 44.83992004394531 34
1779751225516 45.92731475830078 35
1779751240355 45.462554931640625 36
