1779750708547 -14.448436737060547 0
1779750723174 -3.179610252380371 1
1779750737521 -0.15729272365570068 2
1779750752009 -0.6397205591201782 3
1779750766344 0.2250821590423584 4
1779750780754 0.22914272546768188 5
1779750795421 0.2439405918121338 6
1779750810142 0.1728764772415161 7
1779750824618 -0.04758191108703613 8
1779750839321 0.04304337501525879 9
1779750853878 0.16014647483825684 10
1779750868649 -0.1342376470565796 11
1779750883322 0.008221089839935303 12
1779750897736 -0.5432217121124268 13
1779750912389 0.08629828691482544 14
1779750927038 0.13174104690551758 15
1779750941601 0.18761944770812988 16
1779750955864 0.16465938091278076 17
1779750970562 -0.030092477798461914 18
1779750985163 0.16954368352890015 19
1779750999447 0.15861201286315918 20
1779751013908 0.014640629291534424 21
1779751029257 0.16290348768234253 22
1779751044359 -0.15710806846618652 23
1779751058900 -0.09301328659057617 24
1779751073120 0.15299254655838013 25
1779751087597 -0.8843790292739868 26
1779751101992 0.1976161003112793 27
1779751116496 0.18794256448745728 28
1779751131041 0.12108534574508667 29
1779751147799 0.10107070207595825 30
1779751163667 0.18084847927093506 31
1779751179618 0.019276797771453857 32
1779751195081 0.18175053596496582 33
1779751210412 -0.0041027069091796875 34
1779751225520 0.08853787183761597 35
1779751240359 0.1295914649963379 36
