1779749940508 -16.00739097595215 0
1779749950134 -2.3719887733459473 1
1779749959660 -0.2227649688720703 2
1779749969472 -0.4676612615585327 3
1779749978806 -1.3996727466583252 4
1779749988251 -3.5776610374450684 5
1779749997670 -5.479788303375244 6
1779750007435 -5.2528581619262695 7
1779750017554 -3.3701515197753906 8
1779750027319 -2.517749786376953 9
1779750036379 -1.4689059257507324 10
1779750045751 -0.02658224105834961 11
1779750055101 -0.03571665287017822 12
1779750064486 0.1767405867576599 13
1779750073900 0.18317538499832153 14
1779750083250 0.1840929388999939 15
1779750092693 0.2505219578742981 16
1779750102491 0.22118353843688965 17
1779750111733 0.2346101999282837 18
1779750121440 0.21401840448379517 19
1779750130583 0.23073405027389526 20
1779750139771 0.1721072793006897 21
1779750149379 0.06189239025115967 22
1779750158777 0.21911680698394775 23
1779750168119 0.2126663327217102 24
1779750177293 0.17457705736160278 25
1779750186655 0.19907957315444946 26
1779750195853 0.11692595481872559 27
1779750205245 0.1460120677947998 28
1779750214646 0.1477144956588745 29
1779750223874 0.14555323123931885 30
1779750233226 0.14165657758712769 31
1779750242833 0.1648758053779602 32
1779750253641 0.12988275289535522 33
1779750263242 0.19413715600967407 34
1779750273484 0.19720983505249023 35
1779750282997 0.204268217086792 36
1779750292309 0.21977883577346802 37
1779750301687 0.17905408143997192 38
1779750311405 0.15868282318115234 39
1779750320772 0.16509228944778442 40
1779750330419 0.18924552202224731 41
1779750339476 0.1949593424797058 42
1779750348742 0.20208287239074707 43
1779750358116 0.18581867218017578 44
1779750367587 0.20895951986312866 45
1779750376915 0.17609041929244995 46
