1779749940496 233.60037231445312 0
1779749950120 127.32764434814453 1
1779749959654 72.76473999023438 2
1779749969467 75.12811279296875 3
1779749978798 87.6505126953125 4
1779749988246 109.74951171875 5
1779749997659 126.49443054199219 6
1779750007429 130.62196350097656 7
1779750017548 115.70538330078125 8
1779750027315 98.54582214355469 9
1779750036375 84.23419189453125 10
1779750045747 61.75810241699219 11
1779750055095 47.08758544921875 12
1779750064482 44.8636589050293 13
1779750073896 43.09471893310547 14
1779750083247 41.80128860473633 15
1779750092689 41.65846633911133 16
1779750102487 41.72298812866211 17
1779750111729 41.623680114746094 18
1779750121437 41.87837600708008 19
1779750130580 41.59197998046875 20
1779750139766 42.24734878540039 21
1779750149373 41.99147033691406 22
1779750158773 42.101844787597656 23
1779750168111 42.13937759399414 24
1779750177289 42.28544998168945 25
1779750186651 42.15737533569336 26
1779750195839 41.31283187866211 27
1779750205235 41.48989486694336 28
1779750214642 41.72383499145508 29
1779750223868 41.592628479003906 30
1779750233222 41.84553909301758 31
1779750242828 42.159908294677734 32
1779750253638 42.00796127319336 33
1779750263235 41.85036849975586 34
1779750273479 42.12466812133789 35
1779750282994 42.22392654418945 36
1779750292306 40.624229431152344 37
1779750301680 40.68128967285156 38
1779750311401 40.645381927490234 39
1779750320765 40.75477600097656 40
1779750330409 40.81349563598633 41
1779750339472 40.99800109863281 42
1779750348738 40.88602066040039 43
1779750358109 41.04424285888672 44
1779750367583 41.02165603637695 45
1779750376908 41.2147102355957 46
