1779749940469 54569.48046875 0
1779749950097 16213.365234375 1
1779749959623 5296.6748046875 2
1779749969439 5647.25830078125 3
1779749978773 7687.52490234375 4
1779749988218 12053.6611328125 5
1779749997641 16014.9990234375 6
1779750007404 17082.189453125 7
1779750017532 13414.0283203125 8
1779750027289 9744.0537109375 9
1779750036350 7134.59619140625 10
1779750045728 3858.235595703125 11
1779750055073 2264.2119140625 12
1779750064458 2062.6083984375 13
1779750073870 1909.3289794921875 14
1779750083227 1800.9305419921875 15
1779750092667 1789.982421875 16
1779750102461 1796.0174560546875 17
1779750111705 1788.3114013671875 18
1779750121412 1810.2998046875 19
1779750130564 1787.263671875 20
1779750139750 1843.0103759765625 21
1779750149351 1822.1832275390625 22
1779750158757 1832.2353515625 23
1779750168093 1836.158447265625 24
1779750177267 1849.244384765625 25
1779750186627 1839.1514892578125 26
1779750195817 1769.254150390625 27
1779750205206 1784.3626708984375 28
1779750214620 1804.2708740234375 29
1779750223848 1793.8157958984375 30
1779750233203 1815.4195556640625 31
1779750242807 1842.324951171875 32
1779750253617 1830.070556640625 33
1779750263213 1817.38720703125 34
1779750273457 1841.0050048828125 35
1779750282978 1849.9764404296875 36
1779750292277 1717.8955078125 37
1779750301660 1722.8946533203125 38
1779750311371 1720.35107421875 39
1779750320735 1729.6798095703125 40
1779750330383 1734.9022216796875 41
1779750339455 1750.46533203125 42
1779750348712 1741.7706298828125 43
1779750358090 1755.220703125 44
1779750367557 1753.876708984375 45
1779750376894 1770.27783203125 46
