1779749940490 217.61929321289062 0
1779749950116 106.80726623535156 1
1779749959649 53.51866149902344 2
1779749969458 54.51252365112305 3
1779749978794 65.3991928100586 4
1779749988242 90.94937896728516 5
1779749997654 111.49259948730469 6
1779750007419 116.91447448730469 7
1779750017544 102.09754943847656 8
1779750027307 85.61852264404297 9
1779750036365 71.34172058105469 10
1779750045739 46.24247360229492 11
1779750055090 37.645111083984375 12
1779750064472 35.87126541137695 13
1779750073887 34.49666213989258 14
1779750083242 33.51241683959961 15
1779750092680 33.41062927246094 16
1779750102479 33.502220153808594 17
1779750111724 33.39500427246094 18
1779750121426 33.63771057128906 19
1779750130576 33.372615814208984 20
1779750139759 33.839900970458984 21
1779750149364 33.68173599243164 22
1779750158769 33.75096893310547 23
1779750168107 33.7877311706543 24
1779750177282 33.87744903564453 25
1779750186640 33.838279724121094 26
1779750195830 33.208927154541016 27
1779750205221 33.35099792480469 28
1779750214633 33.50358200073242 29
1779750223864 33.4290657043457 30
1779750233217 33.561607360839844 31
1779750242819 33.79391860961914 32
1779750253635 33.72476577758789 33
1779750263231 33.575477600097656 34
1779750273469 33.81085968017578 35
1779750282990 33.876224517822266 36
1779750292296 32.715179443359375 37
1779750301676 32.77922821044922 38
1779750311388 32.75751876831055 39
1779750320756 32.81175994873047 40
1779750330405 32.85901641845703 41
1779750339468 33.01863098144531 42
1779750348734 32.91553497314453 43
1779750358105 33.04573059082031 44
1779750367574 33.02113342285156 45
1779750376904 33.18168640136719 46
